mv =[-245.59241358406942, 0.00000000000000000, -969.37318221085263]
m_vel0 = [959.64884840784043, 0.00000000000000000, -222.47797335416251]
f = mv - m_vel0; 